Model(
  (gcn_1): GCNConv(247, 96)
  (gcn_2): GCNConv(96, 48)
  (gcn_3): GCNConv(48, 24)
)
Parameter containing:
tensor([0., 0., 0., 0., 0., 0., 0., 0., 0., 0., 0., 0., 0., 0., 0., 0., 0., 0., 0., 0., 0., 0., 0., 0.,
        0., 0., 0., 0., 0., 0., 0., 0., 0., 0., 0., 0., 0., 0., 0., 0., 0., 0., 0., 0., 0., 0., 0., 0.,
        0., 0., 0., 0., 0., 0., 0., 0., 0., 0., 0., 0., 0., 0., 0., 0., 0., 0., 0., 0., 0., 0., 0., 0.,
        0., 0., 0., 0., 0., 0., 0., 0., 0., 0., 0., 0., 0., 0., 0., 0., 0., 0., 0., 0., 0., 0., 0., 0.],
       requires_grad=True) : torch.Size([96])
Parameter containing:
tensor([[-0.0703, -0.0647,  0.0160,  ...,  0.0529,  0.0760,  0.0431],
        [-0.0814,  0.0155,  0.1034,  ..., -0.0919,  0.0868,  0.0648],
        [-0.0899, -0.0292,  0.1217,  ...,  0.1079, -0.0358, -0.1303],
        ...,
        [-0.0352,  0.0664, -0.0513,  ...,  0.0675, -0.0361, -0.1163],
        [-0.1218,  0.0529,  0.1310,  ..., -0.1079,  0.0468,  0.1276],
        [-0.0556, -0.1094,  0.1131,  ..., -0.0160,  0.0060, -0.0299]],
       requires_grad=True) : torch.Size([96, 247])
Parameter containing:
tensor([0., 0., 0., 0., 0., 0., 0., 0., 0., 0., 0., 0., 0., 0., 0., 0., 0., 0., 0., 0., 0., 0., 0., 0.,
        0., 0., 0., 0., 0., 0., 0., 0., 0., 0., 0., 0., 0., 0., 0., 0., 0., 0., 0., 0., 0., 0., 0., 0.],
       requires_grad=True) : torch.Size([48])
Parameter containing:
tensor([[-0.1138,  0.1950,  0.1565,  ...,  0.1348, -0.1561, -0.1167],
        [ 0.0784,  0.1688,  0.1546,  ...,  0.0499,  0.1320,  0.1784],
        [ 0.0866,  0.0577,  0.1789,  ...,  0.0767,  0.0648,  0.1490],
        ...,
        [-0.1857, -0.1884, -0.0725,  ..., -0.0604, -0.1773,  0.0480],
        [ 0.0708,  0.0914, -0.1189,  ..., -0.1038, -0.0523,  0.1207],
        [ 0.1442,  0.1354, -0.2006,  ...,  0.0008,  0.1666,  0.2035]],
       requires_grad=True) : torch.Size([48, 96])
Parameter containing:
tensor([0., 0., 0., 0., 0., 0., 0., 0., 0., 0., 0., 0., 0., 0., 0., 0., 0., 0., 0., 0., 0., 0., 0., 0.],
       requires_grad=True) : torch.Size([24])
Parameter containing:
tensor([[ 0.1722, -0.0934, -0.1520,  ..., -0.1060,  0.0602,  0.0220],
        [-0.2368,  0.2189, -0.2779,  ..., -0.0600, -0.2382,  0.0892],
        [ 0.2717, -0.1897, -0.2727,  ..., -0.0304, -0.0449,  0.0443],
        ...,
        [-0.2306,  0.2808, -0.0689,  ..., -0.0751, -0.1245, -0.0667],
        [ 0.0764,  0.1747,  0.0043,  ..., -0.1618, -0.0983, -0.1618],
        [-0.0902, -0.0946, -0.0936,  ..., -0.2494,  0.0067,  0.0360]],
       requires_grad=True) : torch.Size([24, 48])
epoch : 1, loss:409525.78
epoch : 2, loss:1871.08
epoch : 3, loss:336.05
epoch : 4, loss:332.72
epoch : 5, loss:332.03
	 The mainFunc running time =  0.9934
	 All procedures have been completed successfully. 


 All results have been written to both console and file
